9 0.925863 0.30101 0.0221882 0.0760815
0 0.780617 0.548008 0.0191672 0.102406
9 0.602769 0.259704 0.00832751 0.0362381
9 0.92011 0.151279 0.0271036 0.185458
2 0.264622 0.481049 0.0485097 0.0376526
2 0.288711 0.469021 0.0426308 0.0728396
0 0.653984 0.702753 0.0215129 0.165813
9 0.626068 0.261803 0.0129433 0.0437676
9 0.275938 0.320718 0.0125987 0.0551692
9 0.354723 0.276601 0.0119658 0.0394876
0 0.819856 0.683385 0.0277062 0.146669
26 0.917223 0.704217 0.0236424 0.10775
2 0.0607243 0.68724 0.0430315 0.114133
0 0.756802 0.53311 0.0223007 0.0917169
5 0.710686 0.417492 0.0710822 0.110635
2 0.341138 0.47129 0.0542569 0.0847
9 0.102422 0.149019 0.0237109 0.11134
0 0.0908955 0.758149 0.0370667 0.274251
9 0.992175 0.137042 0.0148846 0.0999148
9 0.366132 0.275701 0.0102076 0.0390399
0 0.677658 0.727854 0.0268692 0.229562
2 0.630246 0.548197 0.0577378 0.082849
7 0.902725 0.606102 0.126015 0.253746
24 0.303411 0.75174 0.0415372 0.141951
2 0.917115 0.658197 0.0853721 0.149123
26 0.886238 0.713326 0.0446738 0.105219
5 0.615749 0.436489 0.0707384 0.128085
26 0.916808 0.723206 0.0216642 0.0672596
7 0.434541 0.417085 0.0652754 0.107452
26 0.303208 0.75074 0.0418991 0.143533
24 0.465158 0.685499 0.0287788 0.0939397
24 0.580947 0.663195 0.0296225 0.0910345
2 0.258218 0.558019 0.0977652 0.13042
9 0.34251 0.278189 0.0114924 0.0512599
0 0.63372 0.702774 0.0263021 0.19543
2 0.310592 0.572948 0.0627525 0.120027
2 0.662052 0.581294 0.0675516 0.0865083
2 0.35601 0.543845 0.0420982 0.0890735
2 0.813568 0.578026 0.0569857 0.101079
7 0.902409 0.556311 0.124348 0.155721
0 0.254298 0.709774 0.0432313 0.167795
9 0.875532 0.289584 0.0205343 0.0764267
0 0.224116 0.711962 0.0315002 0.215412
9 0.850321 0.292749 0.0149588 0.072798
9 0.724799 0.286388 0.0189781 0.0658221
26 0.95352 0.776568 0.0645504 0.177127
2 0.154946 0.635365 0.0378703 0.121473
9 0.928064 0.305873 0.017538 0.0648866
0 0.199399 0.715918 0.039851 0.211846
7 0.763465 0.498878 0.0776913 0.152265
0 0.750924 0.780394 0.0784792 0.325507
2 0.428805 0.642444 0.0700569 0.123589
7 0.519517 0.387411 0.0609586 0.125608
5 0.426269 0.532694 0.0991476 0.145726
2 0.290539 0.628793 0.0819959 0.141587
0 0.834086 0.752539 0.0685527 0.245349
7 0.0812375 0.621285 0.117452 0.253317
0 0.971714 0.811954 0.0557503 0.370858
2 0.553036 0.623592 0.0713085 0.125446
7 0.558363 0.532928 0.0995634 0.168602
0 0.904597 0.75497 0.0748581 0.271205
0 0.601781 0.723659 0.0669246 0.282021
0 0.471603 0.733949 0.0631122 0.266174
0 0.369394 0.78907 0.0842147 0.409157
0 0.723715 0.786043 0.132078 0.426144
0 0.286043 0.807318 0.13152 0.38225
2 0.0432139 0.784439 0.0858094 0.248346
